2.0, 1.6860291739191664
2.01, 1.700119106743694
2.0199999999999996, 1.7143811330934036
2.0299999999999994, 1.7288165733769199
2.039999999999999, 1.7434267629266638
2.049999999999999, 1.7582130519462402
2.0599999999999987, 1.7731768054608086
2.0699999999999985, 1.7883194032701633
2.0799999999999983, 1.8036422399045255
2.089999999999998, 1.8191467245828339
2.099999999999998, 1.834834281173675
2.1099999999999977, 1.8507063481585522
2.1199999999999974, 1.8667643785973564
2.1299999999999972, 1.8830098400963777
2.139999999999997, 1.8994442147781716
2.149999999999997, 1.9160689992537294
2.1599999999999966, 1.9328857045966552
2.1699999999999964, 1.9498958563191746
2.179999999999996, 1.967100994350137
2.189999999999996, 1.98450267301493
2.1999999999999957, 2.002102461016933
2.2099999999999955, 2.019901941420893
2.2199999999999953, 2.0379027116378228
2.229999999999995, 2.0561063834116156
2.239999999999995, 2.074514582807069
2.2499999999999947, 2.093128950199522
2.2599999999999945, 2.111951140265858
2.2699999999999942, 2.1309828219769456
2.279999999999994, 2.1502256785914398
2.289999999999994, 2.1696814076508653
2.2999999999999936, 2.189351720976005
2.3099999999999934, 2.209238344664387
2.319999999999993, 2.22934301908924
2.329999999999993, 2.2496674988992647
2.3399999999999928, 2.2702135530197283
2.3499999999999925, 2.2909829646545825
2.3599999999999923, 2.3119775312895885
2.369999999999992, 2.3331990646965193
2.379999999999992, 2.354649390938267
2.3899999999999917, 2.376330350374893
2.3999999999999915, 2.3982437976707636
2.4099999999999913, 2.420391601802272
2.419999999999991, 2.4427756460666545
2.429999999999991, 2.4653978280916284
2.4399999999999906, 2.488260059845639
2.4499999999999904, 2.511364267649161
2.45999999999999, 2.5347123921864876
2.46999999999999, 2.558306388518526
2.4799999999999898, 2.5821482260959794
2.4899999999999896, 2.6062398887735636
2.4999999999999893, 2.630583374824654
2.509999999999989, 2.65518069695661
2.519999999999989, 2.680033882326767
2.5299999999999887, 2.70514497255908
2.5399999999999885, 2.7305160237612585
2.5499999999999883, 2.7561491065424835
2.559999999999988, 2.7820463060317513
2.569999999999988, 2.808209721896718
2.5799999999999876, 2.8346414683629444
2.5899999999999874, 2.8613436742338996
2.599999999999987, 2.888318482911155
2.609999999999987, 2.9155680524152254
2.619999999999987, 2.9430945554068977
2.6299999999999866, 2.9709001792088556
2.6399999999999864, 2.9989871258278575
2.649999999999986, 3.027357611977271
2.659999999999986, 3.0560138691000023
2.6699999999999857, 3.0849581433919364
2.6799999999999855, 3.1141926958254875
2.6899999999999853, 3.1437198021738295
2.699999999999985, 3.173541753035254
2.709999999999985, 3.2036608538580467
2.7199999999999847, 3.2340794249655334
2.7299999999999844, 3.2647998015814808
2.7399999999999842, 3.2958243338559936
2.749999999999984, 3.3271553868914614
2.759999999999984, 3.3587953407688955
2.7699999999999836, 3.3907465905747105
2.7799999999999834, 3.4230115464275186
2.789999999999983, 3.4555926335052845
2.799999999999983, 3.4884922920728534
2.8099999999999827, 3.5217129775095937
2.8199999999999825, 3.555257160337406
2.8299999999999823, 3.589127326248842
2.839999999999982, 3.623325976135349
2.849999999999982, 3.6578556261163016
2.8599999999999817, 3.692718807567306
2.8699999999999815, 3.727918067149656
2.8799999999999812, 3.7634559668393854
2.889999999999981, 3.799335083956832
2.899999999999981, 3.8355580111959933
2.9099999999999806, 3.872127356654681
2.9199999999999804, 3.909045743864243
2.92999999999998, 3.9463158118197574
2.93999999999998, 3.9839402150105325
2.9499999999999797, 4.021921623450268
2.9599999999999795, 4.060262722707991
2.9699999999999793, 4.0989662139386205
2.979999999999979, 4.138034813913906
2.989999999999979, 4.177471255053706
2.9999999999999787, 4.217278285456866
3.0099999999999785, 4.2574586689327365
3.0199999999999783, 4.298015185032544
3.029999999999978, 4.338950629081072
3.039999999999978, 4.380267812208197
3.0499999999999776, 4.421969561380768
3.0599999999999774, 4.464058719434493
3.069999999999977, 4.506538145106032
3.079999999999977, 4.549410713064971
3.0899999999999768, 4.5926793139460935
3.0999999999999766, 4.636346854381765
3.1099999999999763, 4.680416257034212
3.119999999999976, 4.724890460628123
3.129999999999976, 4.769772419982925
3.1399999999999757, 4.815065106045978
3.1499999999999755, 4.86077150592473
3.1599999999999753, 4.906894622919938
3.169999999999975, 4.953437476558211
3.179999999999975, 5.000403102625253
3.1899999999999746, 5.04779455319856
3.1999999999999744, 5.095614896680835
3.209999999999974, 5.1438672178327876
3.219999999999974, 5.192554617806672
3.229999999999974, 5.241680214179087
3.2399999999999736, 5.291247140984795
3.2499999999999734, 5.341258548749573
3.259999999999973, 5.391717604524022
3.269999999999973, 5.442627491916751
3.2799999999999727, 5.493991411127969
3.2899999999999725, 5.545812578983049
3.2999999999999723, 5.598094228965919
3.309999999999972, 5.650839611252984
3.319999999999972, 5.7040519927465105
3.3299999999999716, 5.7577346571084025
3.3399999999999714, 5.811890904793912
3.3499999999999712, 5.866524053085402
3.359999999999971, 5.921637436125999
3.369999999999971, 5.977234404953674
3.3799999999999706, 6.033318327534688
3.3899999999999704, 6.08989258879784
3.39999999999997, 6.1469605906680105
3.40999999999997, 6.204525752100203
3.4199999999999697, 6.262591509113481
3.4299999999999695, 6.321161314824777
3.4399999999999693, 6.3802386394830135
3.449999999999969, 6.43982697050296
3.459999999999969, 6.4999298124991105
3.4699999999999687, 6.560550687319859
3.4799999999999685, 6.6216931340814575
3.4899999999999682, 6.683360709201879
3.499999999999968, 6.745556986435055
3.509999999999968, 6.8082855569046155
3.5199999999999676, 6.871550029138303
3.5299999999999674, 6.935354029101624
3.539999999999967, 6.999701200232018
3.549999999999967, 7.064595203473112
3.5599999999999667, 7.130039717308452
3.5699999999999665, 7.1960384377956474
3.5799999999999663, 7.262595078600685
3.589999999999966, 7.329713371031299
3.599999999999966, 7.397397064071902
3.6099999999999657, 7.4656499244170424
3.6199999999999655, 7.534475736505311
3.6299999999999653, 7.603878302553919
3.639999999999965, 7.673861442592194
3.649999999999965, 7.744428994495982
3.6599999999999646, 7.815584814021538
3.6699999999999644, 7.887332774839415
3.679999999999964, 7.959676768568285
3.689999999999964, 8.032620704809673
3.6999999999999638, 8.106168511180904
3.7099999999999635, 8.180324133349997
3.7199999999999633, 8.255091535068892
3.729999999999963, 8.330474698207887
3.739999999999963, 8.40647762278929
3.7499999999999627, 8.483104327021223
3.7599999999999625, 8.560358847332136
3.7699999999999623, 8.638245238403764
3.779999999999962, 8.716767573205829
3.789999999999962, 8.795929943029256
3.7999999999999616, 8.875736457520508
3.8099999999999614, 8.956191244715052
3.819999999999961, 9.037298451071244
3.829999999999961, 9.119062241504388
3.839999999999961, 9.201486799419682
3.8499999999999606, 9.284576326747096
3.8599999999999604, 9.368335043974247
3.86999999999996, 9.452767190180321
3.87999999999996, 9.537877023070122
3.8899999999999597, 9.623668819006886
3.8999999999999595, 9.710146873046758
3.9099999999999593, 9.797315498971871
3.919999999999959, 9.885179029324386
3.929999999999959, 9.973741815439531
3.9399999999999586, 10.063008227479777
3.9499999999999584, 10.152982654467518
3.959999999999958, 10.2436695043195
3.969999999999958, 10.335073203879826
3.979999999999958, 10.42719819895254
3.9899999999999576, 10.520048954337318
3.9999999999999574, 10.613629953860432
4.009999999999957, 10.707945700409551
4.019999999999957, 10.803000715966549
4.029999999999957, 10.898799541641122
4.0399999999999565, 10.995346737703644
4.049999999999956, 11.09264688361922
4.059999999999956, 11.190704578079524
4.069999999999956, 11.28952443903745
4.079999999999956, 11.3891111037398
4.0899999999999554, 11.489469228760123
4.099999999999955, 11.59060349003205
4.109999999999955, 11.692518582882656
4.119999999999955, 11.795219222064866
4.129999999999955, 11.898710141791002
4.139999999999954, 12.002996095766015
4.149999999999954, 12.108081857219492
4.159999999999954, 12.213972218939857
4.169999999999954, 12.320671993306302
4.1799999999999535, 12.428186012322035
4.189999999999953, 12.536519127646937
4.199999999999953, 12.645676210631352
4.209999999999953, 12.755662152346984
4.219999999999953, 12.866481863621427
4.2299999999999525, 12.978140275070523
4.239999999999952, 13.090642337129667
4.249999999999952, 13.203993020088667
4.259999999999952, 13.318197314122685
4.269999999999952, 13.433260229325896
4.279999999999951, 13.549186795742763
4.289999999999951, 13.665982063402183
4.299999999999951, 13.783651102348937
4.309999999999951, 13.902199002676628
4.3199999999999505, 14.021630874559577
4.32999999999995, 14.141951848285725
4.33999999999995, 14.263167074288658
4.34999999999995, 14.385281723180581
4.35999999999995, 14.508300985783919
4.3699999999999495, 14.63223007316391
4.379999999999949, 14.75707421666059
4.389999999999949, 14.882838667921414
4.399999999999949, 15.009528698933364
4.409999999999949, 15.137149602054027
4.419999999999948, 15.265706690045851
4.429999999999948, 15.395205296106365
4.439999999999948, 15.525650773900278
4.449999999999948, 15.65704849759328
4.459999999999948, 15.789403861881137
4.469999999999947, 15.922722282024646
4.479999999999947, 16.05700919387912
4.489999999999947, 16.19227005392778
4.499999999999947, 16.328510339312935
4.5099999999999465, 16.46573554786756
4.519999999999946, 16.603951198147648
4.529999999999946, 16.743162829463675
4.539999999999946, 16.88337600191213
4.549999999999946, 17.02459629640682
4.559999999999945, 17.16682931471216
4.569999999999945, 17.310080679472478
4.579999999999945, 17.454356034245002
4.589999999999945, 17.599661043530816
4.599999999999945, 17.74600139280671
4.609999999999944, 17.893382788556604
4.619999999999944, 18.041810958302232
4.629999999999944, 18.19129165063525
4.639999999999944, 18.341830635248737
4.6499999999999435, 18.49343370296767
4.659999999999943, 18.646106665781154
4.669999999999943, 18.799855356872435
4.679999999999943, 18.95468563065066
4.689999999999943, 19.110603362783603
4.6999999999999424, 19.267614450225267
4.709999999999942, 19.425724811250767
4.719999999999942, 19.58494038548505
4.729999999999942, 19.745267133933886
4.739999999999942, 19.90671103901609
4.749999999999941, 20.069278104593423
4.759999999999941, 20.23297435600272
4.769999999999941, 20.397805840084686
4.779999999999941, 20.56377862521659
4.7899999999999405, 20.730898801342846
4.79999999999994, 20.899172480004562
4.80999999999994, 21.068605794371052
4.81999999999994, 21.239204899271435
4.82999999999994, 21.410975971223458
4.8399999999999395, 21.583925208465097
4.849999999999939, 21.758058830985252
4.859999999999939, 21.9333830805543
4.869999999999939, 22.109904220753506
4.879999999999939, 22.287628537008484
4.889999999999938, 22.466562336614448
4.899999999999938, 22.64671194877113
4.909999999999938, 22.828083724612913
4.919999999999938, 23.01068403723604
4.9299999999999375, 23.194519281731534
4.939999999999937, 23.379595875214058
4.949999999999937, 23.565920256853637
4.959999999999937, 23.753498887904836
4.969999999999937, 23.9423382517366
4.9799999999999365, 24.13244485386285
4.989999999999936, 24.323825221972477
