5, 0.004778385162353516
6, 0.004777431488037109
7, 0.0048639774322509766
8, 0.005301237106323242
9, 0.00548243522644043
10, 0.005835294723510742
11, 0.0062408447265625
12, 0.007086992263793945
13, 0.008058309555053711
14, 0.007676601409912109
15, 0.00763249397277832
16, 0.008134841918945312
17, 0.00856471061706543
18, 0.009869575500488281
19, 0.009756326675415039
20, 0.010387659072875977
21, 0.010945558547973633
22, 0.012416362762451172
23, 0.012009143829345703
24, 0.01290273666381836
25, 0.014397859573364258
26, 0.01454925537109375
27, 0.015801668167114258
28, 0.016208410263061523
29, 0.017513751983642578
30, 0.01892542839050293
31, 0.021405696868896484
32, 0.020073890686035156
33, 0.021820783615112305
34, 0.023023605346679688
35, 0.025659799575805664
36, 0.026767253875732422
37, 0.027284860610961914
38, 0.07083010673522949
39, 0.027963876724243164
40, 0.02768254280090332
41, 0.02866840362548828
42, 0.034662723541259766
43, 0.0354764461517334
44, 0.03948974609375
45, 0.03835248947143555
46, 0.04245257377624512
47, 0.04273581504821777
48, 0.04671168327331543
49, 0.04620170593261719
50, 0.11113238334655762
51, 0.05023455619812012
52, 0.051405906677246094
53, 0.05307269096374512
54, 0.05586433410644531
55, 0.05112910270690918
56, 0.055590152740478516
57, 0.06187009811401367
58, 0.13427257537841797
59, 0.06632375717163086
60, 0.07013368606567383
61, 0.06552863121032715
62, 0.07460379600524902
63, 0.07692742347717285
64, 0.07985448837280273
65, 0.18439531326293945
66, 0.08170294761657715
67, 0.08408093452453613
68, 0.08466458320617676
69, 0.08412742614746094
70, 0.08651947975158691
71, 0.09006619453430176
72, 0.08396339416503906
73, 0.18682622909545898
74, 0.08939051628112793
75, 0.09100008010864258
76, 0.09888362884521484
77, 0.10895013809204102
78, 0.10925078392028809
79, 0.11049079895019531
80, 0.24180102348327637
81, 0.10800504684448242
82, 0.10648441314697266
83, 0.1282820701599121
84, 0.1219630241394043
85, 0.11571741104125977
86, 0.12304306030273438
87, 0.1398787498474121
88, 0.33032751083374023
89, 0.13168811798095703
90, 0.14175057411193848
91, 0.14792537689208984
92, 0.14903926849365234
93, 0.15075016021728516
94, 0.1503300666809082
95, 0.14561128616333008
96, 0.15528273582458496
97, 0.4196906089782715
98, 0.1737053394317627
99, 0.2060706615447998
